[1,["1fSmMXTXZNUaEuY2ezK8rx@545af","1fSmMXTXZNUaEuY2ezK8rx@5d3db","1fSmMXTXZNUaEuY2ezK8rx@aea91","1fSmMXTXZNUaEuY2ezK8rx@e7b4b","1fSmMXTXZNUaEuY2ezK8rx@edb87","1fSmMXTXZNUaEuY2ezK8rx@acc1b","1fSmMXTXZNUaEuY2ezK8rx@da553","1fSmMXTXZNUaEuY2ezK8rx@8dab1","83DM0a3BBPub9UzSzmTIsC","9eaZfVy9hLK4p6PqXbWde9@1f586","b6mvr5eXVKVZBwwCOnzGHS@cf5ee","02E/5SZw9Ifq/kDoT7SMAj@989ed","9fZ+NLhIREDr/wasJWsTBU@600a0"],["_parent","node","_mesh","target","root","data","_skeleton","asset"],[["cc.Node",["_name","_objFlags","__editorExtras__","_prefab","_parent","_lpos","_lrot","_euler","_children","_components","_lscale"],0,4,1,5,5,5,2,9,5],["cc.Node",["_name","_children","_prefab","_lpos","_lrot","_euler","_parent"],2,12,4,5,5,5,1],["cc.Node",["_name","_children","_prefab","_lpos","_lrot","_euler","_parent"],2,9,4,5,5,5,1],["cc.Mesh",["_native","_struct"],2,11],["cc.Skeleton",["_name","_hash","_joints","_bindposes"],0,12],["cc.Prefab",["_name"],2],["cc.SkeletalAnimation",["node","__prefab","_clips","_sockets"],3,1,4,3,9],["cc.CompPrefabInfo",["fileId"],2],["cc.SkeletalAnimation.Socket",["path","target"],2,1],["263d3NMUEhPjIE32BtmMAGo",["unitCat","arrivalThreshold","wanderAngle","avoidDistance","avoidBuffer","rangeType","hitEffectType","node","__prefab"],-4,1,4],["cc.PrefabInfo",["fileId","instance","targetOverrides","root","asset","nestedPrefabInstanceRoots"],0,1,1,2],["cc.PrefabInfo",["fileId","instance","targetOverrides","nestedPrefabInstanceRoots","root","asset"],-1,1,1],["cc.PrefabInfo",["fileId","targetOverrides","nestedPrefabInstanceRoots","root","instance","asset"],0,1,4,6],["cc.TargetInfo",["localID"],2],["cc.PrefabInstance",["fileId","prefabRootNode","propertyOverrides"],2,1,9],["CCPropertyOverrideInfo",["value","propertyPath","targetInfo"],1,1],["CCPropertyOverrideInfo",["propertyPath","targetInfo","value"],2,1,8],["cc.SkinnedMeshRenderer",["_shadowCastingMode","node","__prefab","_materials","bakeSettings","_skinningRoot","_mesh","_skeleton"],2,1,4,3,4,1,6,6],["cc.ModelBakeSettings",["_castShadow","_receiveShadow"],1],["cc.MeshRenderer",["_shadowCastingMode","node","__prefab","_materials","bakeSettings","_mesh"],2,1,4,3,4,6]],[[11,0,1,2,3,4,5,5],[0,0,4,8,3,5,6,7,2],[7,0,2],[0,0,4,3,5,6,7,2],[18,0,1,3],[0,0,4,9,3,2],[8,0,1,2],[19,0,1,2,3,4,5,2],[3,0,1,2],[2,0,6,1,2,3,4,5,2],[16,0,1,2,2],[0,0,4,3,5,2],[0,0,4,3,5,6,10,7,2],[2,0,1,2,3,4,5,2],[4,0,1,2,3,4],[5,0,2],[0,0,8,9,3,2],[0,0,8,3,6,7,2],[0,0,4,8,3,5,6,10,7,2],[0,1,2,4,3,3],[0,0,4,8,3,5,2],[0,0,4,9,3,6,7,2],[1,0,1,2,3,4,5,2],[1,0,6,1,2,3,4,5,2],[6,0,1,2,3,1],[9,0,1,2,3,4,5,6,7,8,8],[10,0,1,2,3,4,5,4],[12,0,1,2,3,4,5,4],[13,0,2],[14,0,1,2,2],[15,0,1,2,3],[17,0,1,2,3,4,5,6,7,2]],[[[[8,".bin",[{"vertexBundles":[{"attributes":[{"name":"a_position","format":32,"isNormalized":false,"stream":0,"isInstanced":false,"location":0},{"name":"a_normal","format":32,"isNormalized":false,"stream":0,"isInstanced":false,"location":0},{"name":"a_texCoord","format":21,"isNormalized":false,"stream":0,"isInstanced":false,"location":0},{"name":"a_tangent","format":44,"isNormalized":false,"stream":0,"isInstanced":false,"location":0},{"name":"a_joints","format":42,"isNormalized":false,"stream":0,"isInstanced":false,"location":0},{"name":"a_weights","format":44,"isNormalized":false,"stream":0,"isInstanced":false,"location":0}],"view":{"offset":0,"length":21528,"count":299,"stride":72}}],"primitives":[{"primitiveMode":7,"vertexBundelIndices":[0],"indexView":{"offset":21528,"length":1932,"count":966,"stride":2}}]},"minPosition",8,[1,-0.7034733891487122,-0.27082833647727966,0.001717143226414919],"maxPosition",8,[1,0.7034733891487122,0.3043399155139923,1.0806472301483154]]],-1],0,0,[],[],[]],[[[14,"Skin-28",2872012788,["Bip001/Bip001 Pelvis/Bip001 R Thigh","Bip001/Bip001 Pelvis/Bip001 R Thigh/Bip001 R Calf/Bip001 R Foot","Bip001/Bip001 Pelvis/Bip001 R Thigh/Bip001 R Calf","Bip001/Bip001 Pelvis/Bip001 L Thigh","Bip001/Bip001 Pelvis","Bip001/Bip001 Pelvis/Bip001 L Thigh/Bip001 L Calf/Bip001 L Foot","Bip001/Bip001 Pelvis/Bip001 L Thigh/Bip001 L Calf","Bip001/Bip001 Pelvis/Bip001 Spine","Bip001/Bip001 Pelvis/Bip001 Spine/Bip001 R Clavicle/Bip001 R UpperArm/Bip001 R Forearm/Bip001 R Hand","Bip001/Bip001 Pelvis/Bip001 Spine/Bip001 R Clavicle/Bip001 R UpperArm/Bip001 R Forearm","Bip001/Bip001 Pelvis/Bip001 Spine/Bip001 R Clavicle/Bip001 R UpperArm","Bip001/Bip001 Pelvis/Bip001 Spine/Bip001 L Clavicle/Bip001 L UpperArm/Bip001 L Forearm","Bip001/Bip001 Pelvis/Bip001 Spine/Bip001 L Clavicle/Bip001 L UpperArm","Bip001/Bip001 Pelvis/Bip001 Spine/Bip001 L Clavicle/Bip001 L UpperArm/Bip001 L Forearm/Bip001 L Hand"],[[[7,3.787888758211011e-8,0.0000013703773902307148,-1,0,-0.04260433465242386,-0.9990919828414917,-0.0000013707470998269855,0,-0.9990919232368469,0.04260433837771416,2.05395274122111e-8,0,0.45221850275993347,0.01687401533126831,-0.176898792386055,1],[7,4.371138828673793e-8,0.000001370906943520822,-1,0,-6.123234262925839e-17,-1,-0.000001370906943520822,0,-1,5.998547741425247e-14,-4.371139183945161e-8,0,0.13419246673583984,0.04115092381834984,-0.1768987774848938,1],[7,-2.0492217345235986e-7,0.0000013554986253438983,-1,0,0.13464896380901337,-0.9908933639526367,-0.0000013707472135138232,0,-0.9908934235572815,-0.13464896380901337,2.05395274122111e-8,0,0.23222774267196655,0.058845050632953644,-0.176898792386055,1],[7,-9.575239801051794e-8,0.0000013763957440460217,-1,0,-0.04260433465242386,-0.9990919828414917,-0.000001371066673527821,0,-0.9990919232368469,0.04260433837771416,1.5430590849518921e-7,0,0.45221853256225586,0.01687401346862316,0.1768988072872162,1],[7,0.0000013868000223737909,0.0000027577070795814507,1,0,6.123234262925839e-17,-1,0.0000027577070795814507,0,1,-3.8243271396898315e-12,-0.0000013868001360606286,0,-0.4510890245437622,0.03612519055604935,5.259476552055276e-7,1],[7,4.371138828673793e-8,0.000001370906943520822,-1,0,-6.123234262925839e-17,-1,-0.000001370906943520822,0,-1,5.998547741425247e-14,-4.371139183945161e-8,0,0.13419245183467865,0.04115092381834984,0.17689883708953857,1],[7,-3.375134269845148e-7,0.0000013378039511735551,-1,0,0.13464896380901337,-0.9908933639526367,-0.0000013710670145883341,0,-0.9908934235572815,-0.13464896380901337,1.5430590849518921e-7,0,0.23222777247428894,0.05884505435824394,0.1768988072872162,1],[7,1.0916177961561857e-9,-0.0000014026936696609482,1,0,-0.000796317879576236,-0.9999997019767761,-0.0000014026923054188956,0,0.9999996423721313,-0.0007963179377838969,-2.208607741138735e-9,0,-0.5377437472343445,0.036931246519088745,5.290823423820257e-8,1],[7,-0.7038756608963013,0.6787697076797485,0.20935797691345215,0,-0.19438664615154266,0.0994194820523262,-0.9758738279342651,0,-0.6832079291343689,-0.7275900840759277,0.06196482107043266,0,0.030657678842544556,0.8364994525909424,0.08930962532758713,1],[7,-0.7038756608963013,-0.20881742238998413,0.678936243057251,0,-0.19438664615154266,0.975952684879303,0.09864238649606705,0,-0.6832079291343689,-0.06254415959119797,-0.7275404930114746,0,0.1686648279428482,-0.08864351361989975,0.8365703225135803,1],[7,-0.7313305139541626,-0.0648164451122284,0.678936243057251,0,0.0033800520468503237,0.9951172471046448,0.09864237904548645,0,-0.6820148229598999,0.0744350254535675,-0.7275404930114746,0,0.34055155515670776,-0.1203850731253624,0.8365703225135803,1],[7,0.7038761973381042,0.20881475508213043,0.6789365410804749,0,-0.19438472390174866,0.975953221321106,-0.0986405462026596,0,-0.6832079887390137,-0.06254415959119797,0.7275404930114746,0,0.16866479814052582,-0.08864354342222214,-0.8365704417228699,1],[7,0.7313305139541626,0.06481372565031052,0.6789365410804749,0,0.003382056951522827,0.9951174855232239,-0.09864052385091782,0,-0.6820148229598999,0.0744350329041481,0.7275404930114746,0,0.3405514657497406,-0.12038508802652359,-0.8365704417228699,1],[7,0.7038761973381042,-0.6787700057029724,0.20935530960559845,0,-0.19438472390174866,0.09941764175891876,0.9758743643760681,0,-0.6832079887390137,-0.7275900840759277,-0.061964813619852066,0,0.030657660216093063,0.8364995121955872,-0.08930965512990952,1]],8,8,8,8,8,8,8,8,8,8,8,8,8,8]]],0,0,[],[],[]],[[[8,".bin",[{"vertexBundles":[{"attributes":[{"name":"a_position","format":32,"isNormalized":false,"stream":0,"isInstanced":false,"location":0},{"name":"a_normal","format":32,"isNormalized":false,"stream":0,"isInstanced":false,"location":0},{"name":"a_texCoord","format":21,"isNormalized":false,"stream":0,"isInstanced":false,"location":0},{"name":"a_tangent","format":44,"isNormalized":false,"stream":0,"isInstanced":false,"location":0}],"view":{"offset":0,"length":6720,"count":140,"stride":48}}],"primitives":[{"primitiveMode":7,"vertexBundelIndices":[0],"indexView":{"offset":6720,"length":462,"count":231,"stride":2}}]},"minPosition",8,[1,0.003165537491440773,-0.17432157695293427,-0.37851041555404663],"maxPosition",8,[1,0.26796191930770874,0.501341700553894,0.6272314786911011]]],-1],0,0,[],[],[]],[[[8,".bin",[{"vertexBundles":[{"attributes":[{"name":"a_position","format":32,"isNormalized":false,"stream":0,"isInstanced":false,"location":0},{"name":"a_normal","format":32,"isNormalized":false,"stream":0,"isInstanced":false,"location":0},{"name":"a_texCoord","format":21,"isNormalized":false,"stream":0,"isInstanced":false,"location":0},{"name":"a_tangent","format":44,"isNormalized":false,"stream":0,"isInstanced":false,"location":0}],"view":{"offset":0,"length":4752,"count":99,"stride":48}}],"primitives":[{"primitiveMode":7,"vertexBundelIndices":[0],"indexView":{"offset":4752,"length":348,"count":174,"stride":2}}]},"minPosition",8,[1,-0.3325532078742981,-0.04764638841152191,-0.1511571854352951],"maxPosition",8,[1,0.6874722242355347,0.042189449071884155,0.1509937196969986]]],-1],0,0,[],[],[]],[[[15,"Mage_6"],[16,"Mage_6",[-10,-11,-12,-13,-14,-15,-16,-17],[[24,-8,[2,"54vtzaZnpO6r3OvJbHYjzC"],[14,15,16,17],[[6,"Bip001/Bip001 Pelvis/Bip001 Spine/Bip001 L Clavicle/Bip001 L UpperArm/Bip001 L Forearm/Bip001 L Hand/L_hand_container",-3],[6,"Bip001/Bip001 Pelvis/Bip001 Spine/Bip001 L Clavicle/Bip001 L UpperArm/Bip001 L Forearm/Bip001 L Hand/L_shield_container",-4],[6,"Bip001/Bip001 Pelvis/Bip001 Spine/Bip001 R Clavicle/Bip001 R UpperArm/Bip001 R Forearm/Bip001 R Hand/R_hand_container",-5],[6,"Bip001/Bip001 Pelvis/Bip001 Spine/Bip001 Neck/Bip001 Head/HEAD_CONTAINER",-6],[6,"Bip001/Bip001 Pelvis/Bip001 Spine/Backpack_container",-7]]],[25,4,5,0.1,4,4,2,0,-9,[2,"9bAjw3KUFPqYXd389gG7oF"]]],[26,"9c9gaRaYNPb4HtPb0k7nnN",null,null,-2,0,[-1]]],[22,"Bip001 Spine",[[-18,-19,-20,[3,"Backpack_container",-21,[0,"39VUPrRQ1Aj5McecGZMis3",null,null,null,1,0],[1,0.2635248005390167,-0.22322838008403778,-3.391265863683657e-7],[3,-0.49980058283437406,0.5001994273070469,-0.50019865244668,0.4998011788808101],[1,0,89.99993167089839,-90]]],1,1,1,4],[0,"3e2OZsH9BGE7mV0334uTLs",null,null,null,1,0],[1,0.08668395131826401,-0.00037782941944897175,1.2073722643890505e-7],[3,-0.0000020804759106073234,-6.936759723456755e-7,0.0003981589901667566,0.9999999207323014],[1,-0.00023837338537102524,-0.00007939450691674307,0.045625660794268615]],[17,"Bip001 Pelvis",[2,-22,-23],[0,"beQY3mRFBLjpw+mpJayRIf",null,null,null,1,0],[3,-0.49999999254917427,-0.49999999254917427,-0.49999930709576956,0.5000007078049009],[1,-89.99991974527727,-89.99991974527727,-0.0000017074910602964197]],[1,"Backpack_container Socket",1,[-24,-25],[0,"ceppyutE9OyqCtZ6hqIrYx",null,null,null,1,0],[1,4.328159231431483e-7,0.8014757665081004,-0.2595209453117281],[3,0.4999993444605072,-0.4999999552141469,-0.5000000656143568,-0.5000006347101504],[1,-89.99993239960871,90.00000238677144,0.00008025132656728998]],[28,["bd0ECdPWRCc7s7F/R8uIya"]],[23,"Bip001",1,[[[3,"Bip001 Footsteps",-26,[0,"7diB5Uw8dCGaCZAOoW28M1",null,null,null,1,0],[1,0,-1.0757318300125337e-23,-0.4399206340312958],[3,-6.921397640638599e-34,6.9214068241883725e-34,0.7071063043492204,0.7071072580235531],[1,0,-1.12165974437555e-31,90]],3],4,1],[0,"5ae954TGtIJrrqCrx1cDip",null,null,null,1,0],[1,0,0.4510890245437622,-0.03612518683075905],[3,-0.5000003576277408,-0.49999964237200345,-0.49999964237200345,0.5000003576277408],[1,-90,-89.99991803772996,0]],[13,"Bip001 L Hand",[[3,"L_hand_container",-27,[0,"b20PrqYrBAQJ/G/eW84fs5",null,null,null,1,0],[1,0.07401365041732788,0.009859087876975536,-0.09225296974182129],[3,-0.03802912959822119,0.6707643698973259,-0.02341115229952282,0.740324836356483],[1,-1.4321421462297923,84.29424138148022,-4.91517956636398]],[3,"L_shield_container",-28,[0,"7aRMWrBBxLjr9xGEXBmGvl",null,null,null,1,0],[1,0.1378527730703354,-0.05289037525653839,-0.05471507087349892],[3,-0.5448302136475874,0.835974411526079,-0.06306927028712654,0.0181408025125544],[1,12.138401061635323,-174.59338486412415,-65.95370115244106]]],[0,"8591RTLhdOf4yVhY4hgcmp",null,null,null,1,0],[1,0.13800707459449768,2.255973158774445e-17,-9.689330937590057e-8],[3,-0.7068252124052276,1.0540906159464295e-8,1.0532516425925904e-8,0.7073882378922517],[1,-89.95437890588065,0.0000017075472925031882,0]],[13,"Bip001 Head",[[11,"Bip001 HeadNub",-29,[0,"237y8AULBO3ZupyxRKC+1e",null,null,null,1,0],[1,0.5598670840263367,3.027915917996893e-9,-7.74526911298137e-22]],[12,"HEAD_CONTAINER",-30,[0,"0ddi2xqPFAlaXyEMF5MKlZ",null,null,null,1,0],[1,0.15077103674411774,0.062292683869600296,2.9067993523312907e-7],[3,0.7071072282210418,5.170000333874006e-7,0.7071063341513926,-5.170006586649924e-7],[1,0.8299999833106995,0.8299999833106995,0.8299999833106995],[1,-179.99991621650756,-89.99992755490563,2.3028655092847967e-12]]],[0,"f7YtdyjpdN2oOdKlizh5jF",null,null,null,1,0],[1,0.08924581110477448,0,8.60585464010027e-23],[3,-7.265599787883253e-14,1.1042733174299356e-9,-0.0003988305609355657,0.9999999204670887],[1,4.21424291253915e-11,1.265404279071084e-7,-0.04570261697650697]],[1,"L_hand_container Socket",1,[-31],[0,"56tfa2IVNACLkTvcKENVqc",null,null,null,1,0],[1,0.5909999210072392,0.5720156274136237,0.09348280315710653],[3,-0.6189491377933944,0.2624780257506074,-0.6862517529709825,-0.2776072448030326],[1,135.16951404418168,-94.57695576987548,3.215741833403463]],[1,"R_hand_container Socket",1,[-32],[0,"e9aLaZ/JlJ9JGeTH3Dq1kN",null,null,null,1,0],[1,-0.5908516339966307,0.5720172044253349,0.09348267212413455],[3,0.2624772613917326,-0.6189493969042874,0.27760609966886907,0.6862522748601659],[1,44.83031865956649,-85.42300807826737,3.215714760670647]],[18,"HEAD_CONTAINER Socket",1,[-33],[0,"640BWYLTVAT4ZSfXV3X4jC",null,null,null,1,0],[1,0.0000012514373676497659,1.22000006617169,0.028108354848459582],[3,-0.7071062438336231,-4.371976470851635e-7,-5.026729771086241e-7,0.7071073185387502],[1,0.8299999338388453,0.8299998348951458,0.8299998843669941],[1,-89.99991291829308,-0.00007615627319172928,-0.000005305423586865127]],[19,0,{},1,[27,"bd0ECdPWRCc7s7F/R8uIya",null,null,-34,[29,"f3cWybSWpKz7jSRKdtis7Y",1,[[30,"Lv6_SoldierEffect_Suplight",["_name"],5],[10,["_lpos"],5,[1,-0.01,0.868,-0.029]],[10,["_lrot"],5,[3,0,0,0,1]],[10,["_euler"],5,[1,0,0,0]]]],13]],[1,"Bip001 L Clavicle",2,[-35],[0,"71hnghXolIk45uOe26+LYT",null,null,null,1,0],[1,0.3317789137363434,0.0001128897929447703,0.21894682943820953],[3,0.6404203882672894,-0.000256057076368399,0.7680244577871878,0.00030490497535081],[1,179.9550886454819,-100.35364139346413,0.008043216631396885]],[1,"Bip001 L UpperArm",13,[-36],[0,"d5Ak8kXVZG1ZcaCJwqqIa4",null,null,null,1,0],[1,0.10956235229969025,3.027915917996893e-9,9.689330937590057e-8],[3,0.04786509721597892,0.28080511525111435,-0.012259087713893729,0.9584921149836009],[1,5.66097786034494,32.647949568146835,0.19372029071740474]],[1,"Bip001 L Forearm",14,[7],[0,"93+uBu/u5McJ3LwAPQc+Gb",null,null,null,1,0],[1,0.1928595006465912,-1.2111663671987571e-8,1.804778527019556e-16],[3,-1.5343994988728212e-17,5.558597383544229e-17,-0.09983344969326956,0.9950041619623214],[1,-1.1362500635924634e-15,6.2876597680655815e-15,-11.459159708473143]],[1,"Bip001 R Clavicle",2,[-37],[0,"f4VYsT2M5IFp4f9qOOt3YP",null,null,null,1,0],[1,0.3317789137363434,0.0001141009561251849,-0.21894682943820953],[3,-0.6404203882672924,0.0002539268796691491,0.7680244577871913,0.0003066812694656228],[1,-179.95514576571293,100.35364127509047,0.008355874973247818]],[1,"Bip001 R UpperArm",16,[-38],[0,"c7+hVHaSVAyoO0zCovhdEf",null,null,null,1,0],[1,0.10956235229969025,0,-9.689330937590057e-8],[3,-0.04786509721597892,-0.28080511525111435,-0.012259087713893729,0.9584921149836009],[1,-5.66097786034494,-32.647949568146835,0.19372029071740474]],[1,"Bip001 R Forearm",17,[-39],[0,"d7Y2pW13hKFrNg45t2GLez",null,null,null,1,0],[1,0.1928595006465912,-1.2111663671987571e-8,9.689330937590057e-8],[3,-9.998422274586866e-18,3.935872541605616e-17,-0.09983342756430151,0.9950041641826246],[1,-7.037730013375637e-16,4.4622101048241964e-15,-11.45915715994818]],[9,"Bip001 R Hand",18,[[3,"R_hand_container",-40,[0,"e5ikAwTltJFrSrLzH1cE8P",null,null,null,1,0],[1,0.07390939444303513,0.009959372691810131,0.09228209406137466],[3,0.740325438383703,-0.02341178020005665,0.6707636600604323,-0.03802954341265915],[1,-178.5678663369977,-84.29413398903185,-4.915263471995578]]],[0,"89rV8t4oFDOI6RMljWDUrv",null,null,null,1,0],[1,0.13800710439682007,0,9.689330937590057e-8],[3,0.7068252124052276,5.266258212962952e-9,5.270453523821367e-9,0.7073882378922517],[1,89.95437890588065,-3.596954062703228e-14,8.537736822497861e-7]],[20,"Bip001 Neck",2,[8],[0,"0frf3+S+RG9ZrcKh96yJO3",null,null,null,1,0],[1,0.44221192598342896,0.0018946154741570354,2.5954158822116824e-9]],[1,"Bip001 L Thigh",3,[-41],[0,"f49l3i0nFPZZOM7raBN+aa",null,null,null,1,0],[1,-2.4223328409789247e-7,2.6645659545465605e-7,0.17689882218837738],[3,0.021307006777814542,0.9997729799614988,-6.767446715997591e-7,7.85150643546192e-7],[1,0.00007952085112741467,179.99990831319764,2.4417879058463106]],[1,"Bip001 L Calf",21,[-42],[0,"852UTAn+xFhZW9V/N438hE",null,null,null,1,0],[1,0.21324628591537476,-4.541873988017642e-9,0],[3,1.9448409807367765e-22,-2.0334527780265243e-22,-0.08872141532804828,0.9960564795543414],[1,2.045298511261704e-20,-2.1572104652894185e-20,-10.18011064768223]],[1,"Bip001 L Foot",22,[-43],[0,"75QmCvkSRPaZo0NQlTP+MG",null,null,null,1,0],[1,0.10479825735092163,0,0],[3,-5.126469166222739e-9,7.698253266216382e-8,0.06747824881860726,0.9977207454675722],[1,-0.0000011922309903371195,0.000008922334365998732,7.738317824969377]],[9,"Bip001 L Toe0",23,[[12,"Bip001 L Toe0Nub",-44,[0,"8fqlLimfFEhpnKtIj+lTkE",null,null,null,1,0],[1,0.0069003538228571415,0,2.255973158774445e-17],[3,-9.553443207691286e-16,1.844023658300749e-19,1,1.8375892746737375e-15],[1,-0.9999999403953552,-1,-0.9999999403953552],[1,-180,179.9999999999999,2.1057221983462265e-13]]],[0,"13WtQNo2RKx6JTBTgpk05n",null,null,null,1,0],[1,0.12302407622337341,0.27322590351104736,-2.255973158774445e-17],[3,1.5454310096341944e-8,1.5454310096341944e-8,0.7071067811865474,0.7071067811865474],[1,0,0.0000025044781562438674,90]],[1,"Bip001 R Thigh",3,[-45],[0,"f8d+qxvLtCIaY8xs9+uYKG",null,null,null,1,0],[1,2.4223328409789247e-7,-2.2406578636946506e-7,-0.17689882218837738],[3,0.021307006777815593,0.9997729799615481,-6.78329409296489e-7,7.182860132174613e-7],[1,0.00007953916720467456,179.99991597666937,2.4417879058516108]],[1,"Bip001 R Calf",25,[-46],[0,"428/ViSsRAAZQpiCjEj3AT",null,null,null,1,0],[1,0.21324631571769714,-1.5139579589984464e-9,-1.2111663671987571e-8],[3,2.0857471869279507e-22,-4.5152885962117915e-23,-0.08872141532804828,0.9960564795543414],[1,2.3721031201717633e-20,-3.081728996980104e-21,-10.18011064768223]],[1,"Bip001 R Foot",26,[-47],[0,"7119ISNpFCiq3qadR98Oiz",null,null,null,1,0],[1,0.10479822754859924,0,0],[3,-7.726712812820042e-10,1.0240999437803812e-8,0.06747824881860746,0.9977207454675753],[1,-1.6906732157562304e-7,0.000001187647409096496,7.738317824969467]],[9,"Bip001 R Toe0",27,[[11,"Bip001 R Toe0Nub",-48,[0,"f5oUBE1DlAf4bPe3K9DuBp",null,null,null,1,0],[1,0.0069003538228571415,1.4099832242340282e-18,-2.255973158774445e-17]]],[0,"0fxHoIfdVMLq+PXlCTpTtW",null,null,null,1,0],[1,0.12302407622337341,0.27322590351104736,2.255973158774445e-17],[3,-1.5454308319985075e-8,-1.5454308319985075e-8,0.7071067811865474,0.7071067811865474],[1,0,-0.0000025044778683729144,90]],[21,"Body_09d",1,[[31,1,-49,[2,"34mU+6kEBLE4542gHh4Zes"],[0],[4,true,true],1,1,2]],[0,"cdV5n+nitE/oMTFAAc3Gbq",null,null,null,1,0],[3,-0.7071067811865476,0,0,0.7071067811865476],[1,-90.00000000000003,0,0]],[5,"w_staff_D",9,[[7,1,-50,[2,"74QPMMG2pJlJ1+ekAPAsqe"],[3],[4,true,true],4]],[0,"0duggzErJGpJlVtkGvfC+b",null,null,null,1,0]],[3,"L_shield_container Socket",1,[0,"11GIk1ISVGL51WVsWtWnqZ",null,null,null,1,0],[1,0.686385956186695,0.5717299839143128,0.07549827371050849],[3,0.045884959191219356,0.0165473441050637,-0.5731862178466609,-0.8179720750696379],[1,-9.40389962425611,4.264716060945798,69.92084004916677]],[5,"w_dagger_C",10,[[7,1,-51,[2,"deE+KN+1BIw6oo8YEfGf2t"],[5],[4,true,true],6]],[0,"66FOWxAQ1E+qhUC05pW7vJ",null,null,null,1,0]],[5,"Head_11d",11,[[7,1,-52,[2,"50fCZWSoVH260MVreFBjVd"],[7],[4,true,true],8]],[0,"c5LUsLdgFG+q9DiIcCciIa",null,null,null,1,0]],[5,"quiver_A",4,[[7,1,-53,[2,"f2k8+bR8VATayTshzgN8Wp"],[9],[4,true,true],10]],[0,"abY1r+w/NAw7K08yUL02Lk",null,null,null,1,0]],[5,"quiver_B",4,[[7,1,-54,[2,"a23ssfCpFJG6m4ahqERsNQ"],[11],[4,true,true],12]],[0,"561xj+Si5PiYE7OUiy/rRu",null,null,null,1,0]]],0,[0,-1,12,0,4,1,0,3,9,0,3,31,0,3,10,0,3,11,0,3,4,0,1,1,0,1,1,0,-1,6,0,-2,29,0,-3,9,0,-4,31,0,-5,10,0,-6,11,0,-7,4,0,-8,12,0,-1,13,0,-2,16,0,-3,20,0,0,2,0,-2,21,0,-3,25,0,-1,34,0,-2,35,0,0,6,0,0,7,0,0,7,0,0,8,0,0,8,0,-1,30,0,-1,32,0,-1,33,0,4,12,0,-1,14,0,-1,15,0,-1,17,0,-1,18,0,-1,19,0,0,19,0,-1,22,0,-1,23,0,-1,24,0,0,24,0,-1,26,0,-1,27,0,-1,28,0,0,28,0,1,29,0,1,30,0,1,32,0,1,33,0,1,34,0,1,35,0,5,1,2,0,3,3,0,6,7,0,15,8,0,20,54],[0,0,0,0,0,0,0,0,0,0,0,0,0,0,0,0,0,0],[-1,2,6,-1,2,-1,2,-1,2,-1,2,-1,2,7,-1,-2,-3,-4],[0,1,2,0,3,0,4,0,5,0,6,0,7,8,9,10,11,12]]]]
