[1,["1fSmMXTXZNUaEuY2ezK8rx@545af","907RUkw3VIS5Cdm9btl1K6","735+xGNfJFW5bQaJ8OEH6E@6c48a","02CsjriglLUomt/k1rTvlh@1f586","d1NGQ2rJZCcbhjH0/erZWw","1fSmMXTXZNUaEuY2ezK8rx@703ab","1fSmMXTXZNUaEuY2ezK8rx@71f79","1fSmMXTXZNUaEuY2ezK8rx@2eb0a","1fSmMXTXZNUaEuY2ezK8rx@bba70","1fSmMXTXZNUaEuY2ezK8rx@8dab1","83DM0a3BBPub9UzSzmTIsC","acRvoRv39FZKYrF9/YL1dN@cf5ee","44qrj0i4hMDqSyOdgq6jGf@989ed","30KcuKooZHQKtdtFbHwiLO@600a0"],["_parent","node","target","_mesh","root","data","_cpuMaterial","_mainTexture","mainTexture","_effectAsset","_skeleton","asset","_defaultClip"],[["cc.Node",["_name","_objFlags","__editorExtras__","_prefab","_parent","_lpos","_lrot","_euler","_children","_components","_lscale"],0,4,1,5,5,5,2,9,5],["cc.CurveRange",["mode","constantMin","constantMax","constant","spline"],-1,4],["cc.GradientRange",["_mode","color","gradient"],2,5,4],["cc.Node",["_name","_children","_prefab","_lpos","_lrot","_euler","_parent"],2,12,4,5,5,5,1],["cc.Node",["_name","_children","_prefab","_lpos","_lrot","_euler","_parent"],2,9,4,5,5,5,1],["cc.Mesh",["_native","_struct"],2,11],["cc.Skeleton",["_name","_hash","_joints","_bindposes"],0,12],["cc.Prefab",["_name"],2],["cc.ParticleSystem",["scaleSpace","duration","_capacity","node","__prefab","_materials","startColor","startSizeX","startSizeY","startSizeZ","startSpeed","startRotationX","startRotationY","startRotationZ","startDelay","startLifetime","gravityModifier","rateOverTime","rateOverDistance","_colorOverLifetimeModule","_shapeModule","_sizeOvertimeModule","_velocityOvertimeModule","_forceOvertimeModule","_limitVelocityOvertimeModule","_rotationOvertimeModule","_textureAnimationModule","_noiseModule","_trailModule","renderer"],0,1,4,3,4,4,4,4,4,4,4,4,4,4,4,4,4,4,4,4,4,4,4,4,4,4,4,4],["cc.CompPrefabInfo",["fileId"],2],["cc.ColorOvertimeModule",["_enable","color"],2,4],["cc.Gradient",["colorKeys"],3,9],["cc.ColorKey",["color"],3,5],["cc.ShapeModule",["_enable","emitFrom","radius","_angle","arcSpeed"],-1,4],["cc.SizeOvertimeModule",["_enable","size","x","y","z"],2,4,4,4,4],["cc.RealCurve",["_times","_values"],2,9],["cc.RealKeyframeValue",["interpolationMode","value"],1],["cc.VelocityOvertimeModule",["x","y","z","speedModifier"],3,4,4,4,4],["cc.ForceOvertimeModule",["x","y","z"],3,4,4,4],["cc.LimitVelocityOvertimeModule",["_enable","dampen","limitX","limitY","limitZ","limit"],1,4,4,4,4],["cc.RotationOvertimeModule",["x","y","z"],3,4,4,4],["cc.TextureAnimationModule",["frameOverTime","startFrame"],3,4,4],["cc.NoiseModule",[],3],["cc.TrailModule",["lifeTime","widthRatio","colorOverTrail","colorOvertime"],3,4,4,4,4],["cc.ParticleSystemRenderer",["_cpuMaterial","_mainTexture"],3,6,6],["cc.PrefabInfo",["fileId","instance","targetOverrides","nestedPrefabInstanceRoots","root","asset"],-1,1,1],["cc.PrefabInfo",["fileId","instance","targetOverrides","root","asset","nestedPrefabInstanceRoots"],0,1,1,2],["cc.PrefabInfo",["fileId","targetOverrides","nestedPrefabInstanceRoots","root","instance","asset"],0,1,4,6],["cc.Material",["_name","_states","_defines","_props"],0,12],["cc.SkeletalAnimation",["node","__prefab","_clips","_sockets","_defaultClip"],3,1,4,3,9,6],["cc.SkeletalAnimation.Socket",["path","target"],2,1],["263d3NMUEhPjIE32BtmMAGo",["unitCat","arrivalThreshold","wanderAngle","avoidDistance","avoidBuffer","rangeType","node","__prefab"],-3,1,4],["cc.TargetInfo",["localID"],2],["cc.PrefabInstance",["fileId","prefabRootNode","propertyOverrides"],2,1,9],["CCPropertyOverrideInfo",["value","propertyPath","targetInfo"],1,1],["CCPropertyOverrideInfo",["propertyPath","targetInfo","value"],2,1,8],["cc.SkinnedMeshRenderer",["_shadowCastingMode","node","__prefab","_materials","bakeSettings","_skinningRoot","_mesh","_skeleton"],2,1,4,3,4,1,6,6],["cc.ModelBakeSettings",["_castShadow","_receiveShadow"],1],["cc.MeshRenderer",["_shadowCastingMode","node","__prefab","_materials","bakeSettings","_mesh"],2,1,4,3,4,6]],[[25,0,1,2,3,4,5,5],[1,1],[0,0,4,8,3,5,6,7,2],[0,0,4,3,5,6,7,2],[9,0,2],[1,3,2],[30,0,1,2],[37,0,1,3],[0,0,4,9,3,2],[4,0,6,1,2,3,4,5,2],[35,0,1,2,2],[38,0,1,2,3,4,5,2],[7,0,2],[0,0,4,3,5,2],[0,0,4,3,5,6,10,7,2],[4,0,1,2,3,4,5,2],[2,1],[12,0,1],[16,0,1,3],[5,0,1,2],[6,0,1,2,3,4],[0,0,9,3,5,10,2],[0,0,8,9,3,2],[0,0,8,3,6,7,2],[0,0,4,8,3,5,6,10,7,2],[0,1,2,4,3,3],[0,0,4,8,3,5,2],[0,0,4,9,3,6,7,2],[3,0,1,2,3,4,5,2],[3,0,6,1,2,3,4,5,2],[8,0,1,2,3,4,5,6,7,8,9,10,11,12,13,14,15,16,17,18,19,20,21,22,23,24,25,26,27,28,29,4],[2,1,1],[2,0,2,2],[1,0,1,2,4],[1,0,4,2],[10,0,1,2],[11,0,1],[13,0,1,2,3,4,5],[14,0,1,2,3,4,2],[15,0,1,2],[17,0,1,2,3,1],[18,0,1,2,1],[19,0,1,2,3,4,5,3],[20,0,1,2,1],[21,0,1,1],[22,1],[23,0,1,2,3,1],[24,0,1,1],[26,0,1,2,3,4,5,4],[27,0,1,2,3,4,5,4],[28,0,1,2,3,4],[29,0,1,2,3,4,1],[31,0,1,2,3,4,5,6,7,7],[32,0,2],[33,0,1,2,2],[34,0,1,2,3],[36,0,1,2,3,4,5,6,7,2]],[[[[19,".bin",[{"vertexBundles":[{"attributes":[{"name":"a_position","format":32,"isNormalized":false,"stream":0,"isInstanced":false,"location":0},{"name":"a_normal","format":32,"isNormalized":false,"stream":0,"isInstanced":false,"location":0},{"name":"a_texCoord","format":21,"isNormalized":false,"stream":0,"isInstanced":false,"location":0},{"name":"a_tangent","format":44,"isNormalized":false,"stream":0,"isInstanced":false,"location":0},{"name":"a_joints","format":42,"isNormalized":false,"stream":0,"isInstanced":false,"location":0},{"name":"a_weights","format":44,"isNormalized":false,"stream":0,"isInstanced":false,"location":0}],"view":{"offset":0,"length":21096,"count":293,"stride":72}}],"primitives":[{"primitiveMode":7,"vertexBundelIndices":[0],"indexView":{"offset":21096,"length":1932,"count":966,"stride":2}}]},"minPosition",8,[1,-0.7034733891487122,-0.27082833647727966,0.001717143226414919],"maxPosition",8,[1,0.7034733891487122,0.3043399155139923,1.0806472301483154]]],-1],0,0,[],[],[]],[[[20,"Skin-31",2872012788,["Bip001/Bip001 Pelvis/Bip001 R Thigh","Bip001/Bip001 Pelvis/Bip001 R Thigh/Bip001 R Calf/Bip001 R Foot","Bip001/Bip001 Pelvis/Bip001 R Thigh/Bip001 R Calf","Bip001/Bip001 Pelvis/Bip001 L Thigh","Bip001/Bip001 Pelvis","Bip001/Bip001 Pelvis/Bip001 L Thigh/Bip001 L Calf/Bip001 L Foot","Bip001/Bip001 Pelvis/Bip001 L Thigh/Bip001 L Calf","Bip001/Bip001 Pelvis/Bip001 Spine","Bip001/Bip001 Pelvis/Bip001 Spine/Bip001 R Clavicle/Bip001 R UpperArm/Bip001 R Forearm/Bip001 R Hand","Bip001/Bip001 Pelvis/Bip001 Spine/Bip001 R Clavicle/Bip001 R UpperArm/Bip001 R Forearm","Bip001/Bip001 Pelvis/Bip001 Spine/Bip001 R Clavicle/Bip001 R UpperArm","Bip001/Bip001 Pelvis/Bip001 Spine/Bip001 L Clavicle/Bip001 L UpperArm/Bip001 L Forearm","Bip001/Bip001 Pelvis/Bip001 Spine/Bip001 L Clavicle/Bip001 L UpperArm","Bip001/Bip001 Pelvis/Bip001 Spine/Bip001 L Clavicle/Bip001 L UpperArm/Bip001 L Forearm/Bip001 L Hand"],[[[7,3.787888758211011e-8,0.0000013703773902307148,-1,0,-0.04260433465242386,-0.9990919828414917,-0.0000013707470998269855,0,-0.9990919232368469,0.04260433837771416,2.05395274122111e-8,0,0.45221850275993347,0.01687401533126831,-0.176898792386055,1],[7,4.371138828673793e-8,0.000001370906943520822,-1,0,-6.123234262925839e-17,-1,-0.000001370906943520822,0,-1,5.998547741425247e-14,-4.371139183945161e-8,0,0.13419246673583984,0.04115092381834984,-0.1768987774848938,1],[7,-2.0492217345235986e-7,0.0000013554986253438983,-1,0,0.13464896380901337,-0.9908933639526367,-0.0000013707472135138232,0,-0.9908934235572815,-0.13464896380901337,2.05395274122111e-8,0,0.23222774267196655,0.058845050632953644,-0.176898792386055,1],[7,-9.575239801051794e-8,0.0000013763957440460217,-1,0,-0.04260433465242386,-0.9990919828414917,-0.000001371066673527821,0,-0.9990919232368469,0.04260433837771416,1.5430590849518921e-7,0,0.45221853256225586,0.01687401346862316,0.1768988072872162,1],[7,0.0000013868000223737909,0.0000027577070795814507,1,0,6.123234262925839e-17,-1,0.0000027577070795814507,0,1,-3.8243271396898315e-12,-0.0000013868001360606286,0,-0.4510890245437622,0.03612519055604935,5.259476552055276e-7,1],[7,4.371138828673793e-8,0.000001370906943520822,-1,0,-6.123234262925839e-17,-1,-0.000001370906943520822,0,-1,5.998547741425247e-14,-4.371139183945161e-8,0,0.13419245183467865,0.04115092381834984,0.17689883708953857,1],[7,-3.375134269845148e-7,0.0000013378039511735551,-1,0,0.13464896380901337,-0.9908933639526367,-0.0000013710670145883341,0,-0.9908934235572815,-0.13464896380901337,1.5430590849518921e-7,0,0.23222777247428894,0.05884505435824394,0.1768988072872162,1],[7,1.0916177961561857e-9,-0.0000014026936696609482,1,0,-0.000796317879576236,-0.9999997019767761,-0.0000014026923054188956,0,0.9999996423721313,-0.0007963179377838969,-2.208607741138735e-9,0,-0.5377437472343445,0.036931246519088745,5.290823423820257e-8,1],[7,-0.7038756608963013,0.6787697076797485,0.20935797691345215,0,-0.19438664615154266,0.0994194820523262,-0.9758738279342651,0,-0.6832079291343689,-0.7275900840759277,0.06196482107043266,0,0.030657678842544556,0.8364994525909424,0.08930962532758713,1],[7,-0.7038756608963013,-0.20881742238998413,0.678936243057251,0,-0.19438664615154266,0.975952684879303,0.09864238649606705,0,-0.6832079291343689,-0.06254415959119797,-0.7275404930114746,0,0.1686648279428482,-0.08864351361989975,0.8365703225135803,1],[7,-0.7313305139541626,-0.0648164451122284,0.678936243057251,0,0.0033800520468503237,0.9951172471046448,0.09864237904548645,0,-0.6820148229598999,0.0744350254535675,-0.7275404930114746,0,0.34055155515670776,-0.1203850731253624,0.8365703225135803,1],[7,0.7038761973381042,0.20881475508213043,0.6789365410804749,0,-0.19438472390174866,0.975953221321106,-0.0986405462026596,0,-0.6832079887390137,-0.06254415959119797,0.7275404930114746,0,0.16866479814052582,-0.08864354342222214,-0.8365704417228699,1],[7,0.7313305139541626,0.06481372565031052,0.6789365410804749,0,0.003382056951522827,0.9951174855232239,-0.09864052385091782,0,-0.6820148229598999,0.0744350329041481,0.7275404930114746,0,0.3405514657497406,-0.12038508802652359,-0.8365704417228699,1],[7,0.7038761973381042,-0.6787700057029724,0.20935530960559845,0,-0.19438472390174866,0.09941764175891876,0.9758743643760681,0,-0.6832079887390137,-0.7275900840759277,-0.061964813619852066,0,0.030657660216093063,0.8364995121955872,-0.08930965512990952,1]],8,8,8,8,8,8,8,8,8,8,8,8,8,8]]],0,0,[],[],[]],[[[12,"Lv6_SoldierEffect_Suplight"],[21,"Lv6_SoldierEffect_Suplight",[[30,0,2,1000,-2,[4,"3ehBZyIahDWr4eT+tXGruQ"],[0],[31,[4,4278247167]],[33,3,0.5,1],[1],[1],[5,0.01],[1],[1],[1],[1],[5,1],[1],[5,5],[1],[35,true,[32,1,[36,[[17,[4,16777215]],[17,[4,1694498815]]]]]],[37,true,0,0.02,0,[1]],[38,true,[34,1,[39,[0,1],[[18,2,1],[18,2,1]]]],[1],[1],[1]],[40,[1],[1],[1],[5,1]],[41,[1],[1],[1]],[42,true,0.1,[1],[1],[1],[5,1]],[43,[1],[1],[1]],[44,[1],[1]],[45],[46,[1],[1],[16],[16]],[47,1,2]]],[0,"bd0ECdPWRCc7s7F/R8uIya",null,null,null,-1,0],[1,-0.01,1.13,-0.07],[1,3.2131553,3.2131553,3.2131553]]],0,[0,4,1,0,1,1,0,5,1,2],[0,0,0],[-1,6,7],[1,1,2]],[[[50,"PolySpriteGlow",[{"rasterizerState":{},"depthStencilState":{},"blendState":{"targets":[{}]}}],[{}],[[[{},"mainTexture",6,0]],11]]],0,0,[0,0],[8,9],[2,4]],[[[12,"Archer_6"],[22,"Archer_6",[-10,-11,-12,-13,-14,-15,-16,-17],[[51,-8,[4,"cf9Ib6C1ZB1KlEP2Rf1s+o"],[10,11,12,13],[[6,"Bip001/Bip001 Pelvis/Bip001 Spine/Bip001 L Clavicle/Bip001 L UpperArm/Bip001 L Forearm/Bip001 L Hand/L_hand_container",-3],[6,"Bip001/Bip001 Pelvis/Bip001 Spine/Bip001 L Clavicle/Bip001 L UpperArm/Bip001 L Forearm/Bip001 L Hand/L_shield_container",-4],[6,"Bip001/Bip001 Pelvis/Bip001 Spine/Bip001 R Clavicle/Bip001 R UpperArm/Bip001 R Forearm/Bip001 R Hand/R_hand_container",-5],[6,"Bip001/Bip001 Pelvis/Bip001 Spine/Bip001 Neck/Bip001 Head/HEAD_CONTAINER",-6],[6,"Bip001/Bip001 Pelvis/Bip001 Spine/Backpack_container",-7]],14],[52,3,5,0.1,4,4,2,-9,[4,"1e4C7FX4FG/5/J/hAG5YrQ"]]],[48,"58mVqHyDhLSr0e5Vrg+e6h",null,null,-2,0,[-1]]],[28,"Bip001 Spine",[[-18,-19,-20,[3,"Backpack_container",-21,[0,"2bYYnTJM1CUb6xM24ZEmB7",null,null,null,1,0],[1,0.2635248005390167,-0.22322838008403778,-3.391265863683657e-7],[3,-0.49980058283437406,0.5001994273070469,-0.50019865244668,0.4998011788808101],[1,0,89.99993167089839,-90]]],1,1,1,4],[0,"f3/j4HYHNAub0Qx+8S3dCg",null,null,null,1,0],[1,0.08668395131826401,-0.00037782941944897175,1.2073722643890505e-7],[3,-0.0000020804759106073234,-6.936759723456755e-7,0.0003981589901667566,0.9999999207323014],[1,-0.00023837338537102524,-0.00007939450691674307,0.045625660794268615]],[23,"Bip001 Pelvis",[2,-22,-23],[0,"95BMhUdWtJ74kX3fFmn8Qk",null,null,null,1,0],[3,-0.49999999254917427,-0.49999999254917427,-0.49999930709576956,0.5000007078049009],[1,-89.99991974527727,-89.99991974527727,-0.0000017074910602964197]],[53,["bd0ECdPWRCc7s7F/R8uIya"]],[29,"Bip001",1,[[[3,"Bip001 Footsteps",-24,[0,"21ogTfSFtGTZDDaEtSRCA+",null,null,null,1,0],[1,0,-1.0757318300125337e-23,-0.4399206340312958],[3,-6.921397640638599e-34,6.9214068241883725e-34,0.7071063043492204,0.7071072580235531],[1,0,-1.12165974437555e-31,90]],3],4,1],[0,"ebuuaaHTBLG6batNzim3Tg",null,null,null,1,0],[1,0,0.4510890245437622,-0.03612518683075905],[3,-0.5000003576277408,-0.49999964237200345,-0.49999964237200345,0.5000003576277408],[1,-90,-89.99991803772996,0]],[15,"Bip001 L Hand",[[3,"L_hand_container",-25,[0,"ce1AxMQ4tOQ71wIOrPxkml",null,null,null,1,0],[1,0.07401365041732788,0.009859087876975536,-0.09225296974182129],[3,-0.03802912959822119,0.6707643698973259,-0.02341115229952282,0.740324836356483],[1,-1.4321421462297923,84.29424138148022,-4.91517956636398]],[3,"L_shield_container",-26,[0,"3cP7oGZ/1BZIdF3f47bG+u",null,null,null,1,0],[1,0.1378527730703354,-0.05289037525653839,-0.05471507087349892],[3,-0.5448302136475874,0.835974411526079,-0.06306927028712654,0.0181408025125544],[1,12.138401061635323,-174.59338486412415,-65.95370115244106]]],[0,"8daEEwWqhLJ5cwHM3y1Tci",null,null,null,1,0],[1,0.13800707459449768,2.255973158774445e-17,-9.689330937590057e-8],[3,-0.7068252124052276,1.0540906159464295e-8,1.0532516425925904e-8,0.7073882378922517],[1,-89.95437890588065,0.0000017075472925031882,0]],[15,"Bip001 Head",[[13,"Bip001 HeadNub",-27,[0,"d8iSr8jtpBRLCHWovE455m",null,null,null,1,0],[1,0.5598670840263367,3.027915917996893e-9,-7.74526911298137e-22]],[14,"HEAD_CONTAINER",-28,[0,"63bu8jcdJPWrZ3ja+9yWNT",null,null,null,1,0],[1,0.15077103674411774,0.062292683869600296,2.9067993523312907e-7],[3,0.7071072282210418,5.170000333874006e-7,0.7071063341513926,-5.170006586649924e-7],[1,0.8299999833106995,0.8299999833106995,0.8299999833106995],[1,-179.99991621650756,-89.99992755490563,2.3028655092847967e-12]]],[0,"1fOqsNMbdJeoePG+2LRZoX",null,null,null,1,0],[1,0.08924581110477448,0,8.60585464010027e-23],[3,-7.265599787883253e-14,1.1042733174299356e-9,-0.0003988305609355657,0.9999999204670887],[1,4.21424291253915e-11,1.265404279071084e-7,-0.04570261697650697]],[2,"L_hand_container Socket",1,[-29],[0,"9epYv/LIlG35Q6AGPcsp7H",null,null,null,1,0],[1,0.5909999210072392,0.5720156274136237,0.09348280315710653],[3,-0.6189491377933944,0.2624780257506074,-0.6862517529709825,-0.2776072448030326],[1,135.16951404418168,-94.57695576987548,3.215741833403463]],[24,"HEAD_CONTAINER Socket",1,[-30],[0,"aaYEdb+HBP6JqYjAo4liga",null,null,null,1,0],[1,0.0000012514373676497659,1.22000006617169,0.028108354848459582],[3,-0.7071062438336231,-4.371976470851635e-7,-5.026729771086241e-7,0.7071073185387502],[1,0.8299999338388453,0.8299998348951458,0.8299998843669941],[1,-89.99991291829308,-0.00007615627319172928,-0.000005305423586865127]],[2,"Backpack_container Socket",1,[-31],[0,"e2+C8stBdFQ5H9x07T2BSw",null,null,null,1,0],[1,4.328159231431483e-7,0.8014757665081004,-0.2595209453117281],[3,-0.4999993444605072,0.4999999552141467,0.500000065614357,0.5000006347101501],[1,-89.99993239960871,90.00000238677144,0.00008025132656728998]],[25,0,{},1,[49,"bd0ECdPWRCc7s7F/R8uIya",null,null,-32,[54,"94xNBdPSNDhrF2qnRD3iB6",1,[[55,"Lv6_SoldierEffect_Suplight",["_name"],4],[10,["_lpos"],4,[1,-0.01,0.868,-0.029]],[10,["_lrot"],4,[3,0,0,0,1]],[10,["_euler"],4,[1,0,0,0]]]],9]],[2,"Bip001 L Clavicle",2,[-33],[0,"22NtQBvI5L/7P/VRF7Mf+r",null,null,null,1,0],[1,0.3317789137363434,0.0001128897929447703,0.21894682943820953],[3,0.6404203882672894,-0.000256057076368399,0.7680244577871878,0.00030490497535081],[1,179.9550886454819,-100.35364139346413,0.008043216631396885]],[2,"Bip001 L UpperArm",12,[-34],[0,"68DrYzgkhFb6820ew3mGp6",null,null,null,1,0],[1,0.10956235229969025,3.027915917996893e-9,9.689330937590057e-8],[3,0.04786509721597892,0.28080511525111435,-0.012259087713893729,0.9584921149836009],[1,5.66097786034494,32.647949568146835,0.19372029071740474]],[2,"Bip001 L Forearm",13,[6],[0,"0bAW5RFmpMXrVU4ZAMEdfS",null,null,null,1,0],[1,0.1928595006465912,-1.2111663671987571e-8,1.804778527019556e-16],[3,-1.5343994988728212e-17,5.558597383544229e-17,-0.09983344969326956,0.9950041619623214],[1,-1.1362500635924634e-15,6.2876597680655815e-15,-11.459159708473143]],[2,"Bip001 R Clavicle",2,[-35],[0,"13BC4b/ZxFOpic+r3zSDrV",null,null,null,1,0],[1,0.3317789137363434,0.0001141009561251849,-0.21894682943820953],[3,-0.6404203882672924,0.0002539268796691491,0.7680244577871913,0.0003066812694656228],[1,-179.95514576571293,100.35364127509047,0.008355874973247818]],[2,"Bip001 R UpperArm",15,[-36],[0,"33TnGJMPFH7IBuJsYxa12t",null,null,null,1,0],[1,0.10956235229969025,0,-9.689330937590057e-8],[3,-0.04786509721597892,-0.28080511525111435,-0.012259087713893729,0.9584921149836009],[1,-5.66097786034494,-32.647949568146835,0.19372029071740474]],[2,"Bip001 R Forearm",16,[-37],[0,"f6JkFTztpC9b8WSJ804xFE",null,null,null,1,0],[1,0.1928595006465912,-1.2111663671987571e-8,9.689330937590057e-8],[3,-9.998422274586866e-18,3.935872541605616e-17,-0.09983342756430151,0.9950041641826246],[1,-7.037730013375637e-16,4.4622101048241964e-15,-11.45915715994818]],[9,"Bip001 R Hand",17,[[3,"R_hand_container",-38,[0,"a9PPqdQ2tFMblpXeJO6O95",null,null,null,1,0],[1,0.07390939444303513,0.009959372691810131,0.09228209406137466],[3,0.740325438383703,-0.02341178020005665,0.6707636600604323,-0.03802954341265915],[1,-178.5678663369977,-84.29413398903185,-4.915263471995578]]],[0,"b9LeMgaEBJlqpZkyO9s98i",null,null,null,1,0],[1,0.13800710439682007,0,9.689330937590057e-8],[3,0.7068252124052276,5.266258212962952e-9,5.270453523821367e-9,0.7073882378922517],[1,89.95437890588065,-3.596954062703228e-14,8.537736822497861e-7]],[26,"Bip001 Neck",2,[7],[0,"10TFtvraNAb5Yl18K8oOkc",null,null,null,1,0],[1,0.44221192598342896,0.0018946154741570354,2.5954158822116824e-9]],[2,"Bip001 L Thigh",3,[-39],[0,"c4ZuxexhZKor/S76xRbkOi",null,null,null,1,0],[1,-2.4223328409789247e-7,2.6645659545465605e-7,0.17689882218837738],[3,0.021307006777814542,0.9997729799614988,-6.767446715997591e-7,7.85150643546192e-7],[1,0.00007952085112741467,179.99990831319764,2.4417879058463106]],[2,"Bip001 L Calf",20,[-40],[0,"34UuaN+sZM7o+3nz87C9nn",null,null,null,1,0],[1,0.21324628591537476,-4.541873988017642e-9,0],[3,1.9448409807367765e-22,-2.0334527780265243e-22,-0.08872141532804828,0.9960564795543414],[1,2.045298511261704e-20,-2.1572104652894185e-20,-10.18011064768223]],[2,"Bip001 L Foot",21,[-41],[0,"5eM6uH8eVCS7Bh1b2u6JSd",null,null,null,1,0],[1,0.10479825735092163,0,0],[3,-5.126469166222739e-9,7.698253266216382e-8,0.06747824881860726,0.9977207454675722],[1,-0.0000011922309903371195,0.000008922334365998732,7.738317824969377]],[9,"Bip001 L Toe0",22,[[14,"Bip001 L Toe0Nub",-42,[0,"718HdstjFLwYmUPjRIujgv",null,null,null,1,0],[1,0.0069003538228571415,0,2.255973158774445e-17],[3,-9.553443207691286e-16,1.844023658300749e-19,1,1.8375892746737375e-15],[1,-0.9999999403953552,-1,-0.9999999403953552],[1,-180,179.9999999999999,2.1057221983462265e-13]]],[0,"c2ckpOweNEcryerTbRItP0",null,null,null,1,0],[1,0.12302407622337341,0.27322590351104736,-2.255973158774445e-17],[3,1.5454310096341944e-8,1.5454310096341944e-8,0.7071067811865474,0.7071067811865474],[1,0,0.0000025044781562438674,90]],[2,"Bip001 R Thigh",3,[-43],[0,"19B6CGGdxJCqLs7fk+Acbj",null,null,null,1,0],[1,2.4223328409789247e-7,-2.2406578636946506e-7,-0.17689882218837738],[3,0.021307006777815593,0.9997729799615481,-6.78329409296489e-7,7.182860132174613e-7],[1,0.00007953916720467456,179.99991597666937,2.4417879058516108]],[2,"Bip001 R Calf",24,[-44],[0,"07oY3sy6BNRZ5YmAfuVrki",null,null,null,1,0],[1,0.21324631571769714,-1.5139579589984464e-9,-1.2111663671987571e-8],[3,2.0857471869279507e-22,-4.5152885962117915e-23,-0.08872141532804828,0.9960564795543414],[1,2.3721031201717633e-20,-3.081728996980104e-21,-10.18011064768223]],[2,"Bip001 R Foot",25,[-45],[0,"cf2bYZXmRDLY1HMSEJbGFA",null,null,null,1,0],[1,0.10479822754859924,0,0],[3,-7.726712812820042e-10,1.0240999437803812e-8,0.06747824881860746,0.9977207454675753],[1,-1.6906732157562304e-7,0.000001187647409096496,7.738317824969467]],[9,"Bip001 R Toe0",26,[[13,"Bip001 R Toe0Nub",-46,[0,"0dy6WOH+tJX46d5Nguw/d+",null,null,null,1,0],[1,0.0069003538228571415,1.4099832242340282e-18,-2.255973158774445e-17]]],[0,"4ao2PZQWNKwZzxoSoXiaFS",null,null,null,1,0],[1,0.12302407622337341,0.27322590351104736,2.255973158774445e-17],[3,-1.5454308319985075e-8,-1.5454308319985075e-8,0.7071067811865474,0.7071067811865474],[1,0,-0.0000025044778683729144,90]],[27,"Body_10c",1,[[56,1,-47,[4,"e7rK3eJtxK3oenH7qBcmX5"],[0],[7,true,true],1,1,2]],[0,"77HDj/6tBBnrgx3rFTAzhD",null,null,null,1,0],[3,-0.7071067811865476,0,0,0.7071067811865476],[1,-90.00000000000003,0,0]],[8,"w_recurve_bow",8,[[11,1,-48,[4,"a9hHNcOvRBs60biMnq01zd"],[3],[7,true,true],4]],[0,"49zQiBsC5Lx7pDWVsFWZjB",null,null,null,1,0]],[3,"L_shield_container Socket",1,[0,"ab9tjfoqpNMItHjaeuU7vo",null,null,null,1,0],[1,0.686385956186695,0.5717299839143128,0.07549827371050849],[3,0.045884959191219356,0.0165473441050637,-0.5731862178466609,-0.8179720750696379],[1,-9.40389962425611,4.264716060945798,69.92084004916677]],[3,"R_hand_container Socket",1,[0,"49cQm2CntPhrYQg/4NemB9",null,null,null,1,0],[1,-0.5908516339966307,0.5720172044253349,0.09348267212413455],[3,0.26247726139173266,-0.6189493969042874,0.27760609966886896,0.6862522748601664],[1,44.83031865956649,-85.42300807826737,3.215714760670647]],[8,"Head_03e",9,[[11,1,-49,[4,"a89tUUdx1MNbYYCCiGyqcN"],[5],[7,true,true],6]],[0,"12ZgRucuNLpINZ4WoAivkq",null,null,null,1,0]],[8,"quiver_B",10,[[11,1,-50,[4,"38aJGdxB1KE7i8sq2vlzHg"],[7],[7,true,true],8]],[0,"00ica+i01C2oQ+qi7KIKkV",null,null,null,1,0]]],0,[0,-1,11,0,4,1,0,2,8,0,2,30,0,2,31,0,2,9,0,2,10,0,1,1,0,1,1,0,-1,5,0,-2,28,0,-3,8,0,-4,30,0,-5,31,0,-6,9,0,-7,10,0,-8,11,0,-1,12,0,-2,15,0,-3,19,0,0,2,0,-2,20,0,-3,24,0,0,5,0,0,6,0,0,6,0,0,7,0,0,7,0,-1,29,0,-1,32,0,-1,33,0,4,11,0,-1,13,0,-1,14,0,-1,16,0,-1,17,0,-1,18,0,0,18,0,-1,21,0,-1,22,0,-1,23,0,0,23,0,-1,25,0,-1,26,0,-1,27,0,0,27,0,1,28,0,1,29,0,1,32,0,1,33,0,5,1,2,0,3,3,0,5,6,0,14,7,0,19,50],[0,0,0,0,0,0,0,0,0,0,0,0,0,0,0],[-1,3,10,-1,3,-1,3,-1,3,11,-1,-2,-3,-4,12],[0,5,6,0,7,0,8,0,9,10,3,11,12,13,3]]]]
