[1,["1fSmMXTXZNUaEuY2ezK8rx@545af","1fSmMXTXZNUaEuY2ezK8rx@ff846","1fSmMXTXZNUaEuY2ezK8rx@14d80","1fSmMXTXZNUaEuY2ezK8rx@72a8f","1fSmMXTXZNUaEuY2ezK8rx@b611a","02CsjriglLUomt/k1rTvlh@1f586","acRvoRv39FZKYrF9/YL1dN@cf5ee","44qrj0i4hMDqSyOdgq6jGf@989ed","30KcuKooZHQKtdtFbHwiLO@600a0"],["_parent","target","node","_mesh","root","data","_skeleton"],[["cc.Node",["_name","_prefab","_parent","_lpos","_lrot","_euler","_children","_components","_lscale"],2,4,1,5,5,5,2,9,5],["cc.Node",["_name","_children","_prefab","_lpos","_lrot","_euler","_parent"],2,12,4,5,5,5,1],["cc.Node",["_name","_children","_prefab","_lpos","_lrot","_euler","_parent"],2,9,4,5,5,5,1],["cc.Skeleton",["_name","_hash","_joints","_bindposes"],0,12],["cc.Mesh",["_native","_struct"],2,11],["cc.Prefab",["_name"],2],["cc.SkeletalAnimation",["node","__prefab","_clips","_sockets"],3,1,4,3,9],["cc.CompPrefabInfo",["fileId"],2],["cc.SkeletalAnimation.Socket",["path","target"],2,1],["263d3NMUEhPjIE32BtmMAGo",["unitCat","arrivalThreshold","wanderAngle","avoidDistance","avoidBuffer","rangeType","node","__prefab"],-3,1,4],["cc.PrefabInfo",["fileId","instance","targetOverrides","nestedPrefabInstanceRoots","root","asset"],-1,1,1],["cc.SkinnedMeshRenderer",["_shadowCastingMode","node","__prefab","_materials","bakeSettings","_skinningRoot","_mesh","_skeleton"],2,1,4,3,4,1,6,6],["cc.ModelBakeSettings",["_castShadow","_receiveShadow"],1],["cc.MeshRenderer",["_shadowCastingMode","node","__prefab","_materials","bakeSettings","_mesh"],2,1,4,3,4,6]],[[10,0,1,2,3,4,5,5],[0,0,2,6,1,3,4,5,2],[0,0,2,1,3,4,5,2],[7,0,2],[8,0,1,2],[4,0,1,2],[2,0,6,1,2,3,4,5,2],[12,0,1,3],[0,0,2,1,3,2],[0,0,2,1,3,4,8,5,2],[0,0,2,7,1,4,5,2],[2,0,1,2,3,4,5,2],[13,0,1,2,3,4,5,2],[3,0,1,2,3,4],[5,0,2],[0,0,6,7,1,2],[0,0,6,1,4,5,2],[0,0,2,6,1,3,4,8,5,2],[0,0,2,6,1,3,2],[0,0,2,7,1,3,2],[1,0,1,2,3,4,5,2],[1,0,6,1,2,3,4,5,2],[6,0,1,2,3,1],[9,0,1,2,3,4,5,6,7,7],[11,0,1,2,3,4,5,6,7,2]],[[[[13,"Skin-16",2872012788,["Bip001/Bip001 Pelvis/Bip001 R Thigh","Bip001/Bip001 Pelvis/Bip001 R Thigh/Bip001 R Calf/Bip001 R Foot","Bip001/Bip001 Pelvis/Bip001 R Thigh/Bip001 R Calf","Bip001/Bip001 Pelvis/Bip001 L Thigh","Bip001/Bip001 Pelvis","Bip001/Bip001 Pelvis/Bip001 L Thigh/Bip001 L Calf/Bip001 L Foot","Bip001/Bip001 Pelvis/Bip001 L Thigh/Bip001 L Calf","Bip001/Bip001 Pelvis/Bip001 Spine","Bip001/Bip001 Pelvis/Bip001 Spine/Bip001 R Clavicle/Bip001 R UpperArm/Bip001 R Forearm/Bip001 R Hand","Bip001/Bip001 Pelvis/Bip001 Spine/Bip001 R Clavicle/Bip001 R UpperArm/Bip001 R Forearm","Bip001/Bip001 Pelvis/Bip001 Spine/Bip001 R Clavicle/Bip001 R UpperArm","Bip001/Bip001 Pelvis/Bip001 Spine/Bip001 L Clavicle/Bip001 L UpperArm/Bip001 L Forearm","Bip001/Bip001 Pelvis/Bip001 Spine/Bip001 L Clavicle/Bip001 L UpperArm","Bip001/Bip001 Pelvis/Bip001 Spine/Bip001 L Clavicle/Bip001 L UpperArm/Bip001 L Forearm/Bip001 L Hand"],[[[7,3.787888758211011e-8,0.0000013703773902307148,-1,0,-0.04260433465242386,-0.9990919828414917,-0.0000013707470998269855,0,-0.9990919232368469,0.04260433837771416,2.05395274122111e-8,0,0.45221850275993347,0.01687401533126831,-0.176898792386055,1],[7,4.371138828673793e-8,0.000001370906943520822,-1,0,-6.123234262925839e-17,-1,-0.000001370906943520822,0,-1,5.998547741425247e-14,-4.371139183945161e-8,0,0.13419246673583984,0.04115092381834984,-0.1768987774848938,1],[7,-2.0492217345235986e-7,0.0000013554986253438983,-1,0,0.13464896380901337,-0.9908933639526367,-0.0000013707472135138232,0,-0.9908934235572815,-0.13464896380901337,2.05395274122111e-8,0,0.23222774267196655,0.058845050632953644,-0.176898792386055,1],[7,-9.575239801051794e-8,0.0000013763957440460217,-1,0,-0.04260433465242386,-0.9990919828414917,-0.000001371066673527821,0,-0.9990919232368469,0.04260433837771416,1.5430590849518921e-7,0,0.45221853256225586,0.01687401346862316,0.1768988072872162,1],[7,0.0000013868000223737909,0.0000027577070795814507,1,0,6.123234262925839e-17,-1,0.0000027577070795814507,0,1,-3.8243271396898315e-12,-0.0000013868001360606286,0,-0.4510890245437622,0.03612519055604935,5.259476552055276e-7,1],[7,4.371138828673793e-8,0.000001370906943520822,-1,0,-6.123234262925839e-17,-1,-0.000001370906943520822,0,-1,5.998547741425247e-14,-4.371139183945161e-8,0,0.13419245183467865,0.04115092381834984,0.17689883708953857,1],[7,-3.375134269845148e-7,0.0000013378039511735551,-1,0,0.13464896380901337,-0.9908933639526367,-0.0000013710670145883341,0,-0.9908934235572815,-0.13464896380901337,1.5430590849518921e-7,0,0.23222777247428894,0.05884505435824394,0.1768988072872162,1],[7,1.0916177961561857e-9,-0.0000014026936696609482,1,0,-0.000796317879576236,-0.9999997019767761,-0.0000014026923054188956,0,0.9999996423721313,-0.0007963179377838969,-2.208607741138735e-9,0,-0.5377437472343445,0.036931246519088745,5.290823423820257e-8,1],[7,-0.7038756608963013,0.6787697076797485,0.20935797691345215,0,-0.19438664615154266,0.0994194820523262,-0.9758738279342651,0,-0.6832079291343689,-0.7275900840759277,0.06196482107043266,0,0.030657678842544556,0.8364994525909424,0.08930962532758713,1],[7,-0.7038756608963013,-0.20881742238998413,0.678936243057251,0,-0.19438664615154266,0.975952684879303,0.09864238649606705,0,-0.6832079291343689,-0.06254415959119797,-0.7275404930114746,0,0.1686648279428482,-0.08864351361989975,0.8365703225135803,1],[7,-0.7313305139541626,-0.0648164451122284,0.678936243057251,0,0.0033800520468503237,0.9951172471046448,0.09864237904548645,0,-0.6820148229598999,0.0744350254535675,-0.7275404930114746,0,0.34055155515670776,-0.1203850731253624,0.8365703225135803,1],[7,0.7038761973381042,0.20881475508213043,0.6789365410804749,0,-0.19438472390174866,0.975953221321106,-0.0986405462026596,0,-0.6832079887390137,-0.06254415959119797,0.7275404930114746,0,0.16866479814052582,-0.08864354342222214,-0.8365704417228699,1],[7,0.7313305139541626,0.06481372565031052,0.6789365410804749,0,0.003382056951522827,0.9951174855232239,-0.09864052385091782,0,-0.6820148229598999,0.0744350329041481,0.7275404930114746,0,0.3405514657497406,-0.12038508802652359,-0.8365704417228699,1],[7,0.7038761973381042,-0.6787700057029724,0.20935530960559845,0,-0.19438472390174866,0.09941764175891876,0.9758743643760681,0,-0.6832079887390137,-0.7275900840759277,-0.061964813619852066,0,0.030657660216093063,0.8364995121955872,-0.08930965512990952,1]],8,8,8,8,8,8,8,8,8,8,8,8,8,8]]],0,0,[],[],[]],[[[5,".bin",[{"vertexBundles":[{"attributes":[{"name":"a_position","format":32,"isNormalized":false,"stream":0,"isInstanced":false,"location":0},{"name":"a_normal","format":32,"isNormalized":false,"stream":0,"isInstanced":false,"location":0},{"name":"a_texCoord","format":21,"isNormalized":false,"stream":0,"isInstanced":false,"location":0},{"name":"a_tangent","format":44,"isNormalized":false,"stream":0,"isInstanced":false,"location":0},{"name":"a_color","format":44,"isNormalized":false,"stream":0,"isInstanced":false,"location":0}],"view":{"offset":0,"length":6016,"count":94,"stride":64}}],"primitives":[{"primitiveMode":7,"vertexBundelIndices":[0],"indexView":{"offset":6016,"length":456,"count":228,"stride":2}}]},"minPosition",8,[1,-0.776890754699707,-0.06725558638572693,-0.07211846858263016],"maxPosition",8,[1,1.7089120149612427,0.06531578302383423,0.3306400775909424]]],-1],0,0,[],[],[]],[[[5,".bin",[{"vertexBundles":[{"attributes":[{"name":"a_position","format":32,"isNormalized":false,"stream":0,"isInstanced":false,"location":0},{"name":"a_normal","format":32,"isNormalized":false,"stream":0,"isInstanced":false,"location":0},{"name":"a_texCoord","format":21,"isNormalized":false,"stream":0,"isInstanced":false,"location":0},{"name":"a_tangent","format":44,"isNormalized":false,"stream":0,"isInstanced":false,"location":0}],"view":{"offset":0,"length":15504,"count":323,"stride":48}}],"primitives":[{"primitiveMode":7,"vertexBundelIndices":[0],"indexView":{"offset":15504,"length":1794,"count":897,"stride":2}}]},"minPosition",8,[1,-0.4829349219799042,-0.29755523800849915,-0.2962949872016907],"maxPosition",8,[1,0.4832550883293152,0.5708647966384888,0.6544564962387085]]],-1],0,0,[],[],[]],[[[5,".bin",[{"vertexBundles":[{"attributes":[{"name":"a_position","format":32,"isNormalized":false,"stream":0,"isInstanced":false,"location":0},{"name":"a_normal","format":32,"isNormalized":false,"stream":0,"isInstanced":false,"location":0},{"name":"a_texCoord","format":21,"isNormalized":false,"stream":0,"isInstanced":false,"location":0},{"name":"a_tangent","format":44,"isNormalized":false,"stream":0,"isInstanced":false,"location":0},{"name":"a_joints","format":42,"isNormalized":false,"stream":0,"isInstanced":false,"location":0},{"name":"a_weights","format":44,"isNormalized":false,"stream":0,"isInstanced":false,"location":0}],"view":{"offset":0,"length":17208,"count":239,"stride":72}}],"primitives":[{"primitiveMode":7,"vertexBundelIndices":[0],"indexView":{"offset":17208,"length":1632,"count":816,"stride":2}}]},"minPosition",8,[1,-0.7034733891487122,-0.27082833647727966,0.001717143226414919],"maxPosition",8,[1,0.7034733891487122,0.29452598094940186,1.0302882194519043]]],-1],0,0,[],[],[]],[[[14,"Spearman_3"],[15,"Spearman_3",[-9,-10,-11,-12,-13,-14,-15],[[22,-7,[3,"ddW6IY6hdLHLfx0ueVRMe2"],[7,8,9,10],[[4,"Bip001/Bip001 Pelvis/Bip001 Spine/Bip001 L Clavicle/Bip001 L UpperArm/Bip001 L Forearm/Bip001 L Hand/L_hand_container",-2],[4,"Bip001/Bip001 Pelvis/Bip001 Spine/Bip001 L Clavicle/Bip001 L UpperArm/Bip001 L Forearm/Bip001 L Hand/L_shield_container",-3],[4,"Bip001/Bip001 Pelvis/Bip001 Spine/Bip001 R Clavicle/Bip001 R UpperArm/Bip001 R Forearm/Bip001 R Hand/R_hand_container",-4],[4,"Bip001/Bip001 Pelvis/Bip001 Spine/Bip001 Neck/Bip001 Head/HEAD_CONTAINER",-5],[4,"Bip001/Bip001 Pelvis/Bip001 Spine/Backpack_container",-6]]],[23,2,5,0.1,4,4,1,-8,[3,"243fnL6XRGHrYoEqhFX33d"]]],[0,"0cKbTTGhJO2L7lE6WOEX8Y",null,null,null,-1,0]],[20,"Bip001 Spine",[[-16,-17,-18,[2,"Backpack_container",-19,[0,"cfczNXQBVPm4JrUETEup55",null,null,null,1,0],[1,0.2635248005390167,-0.22322838008403778,-3.391265863683657e-7],[3,-0.49980058283437406,0.5001994273070469,-0.50019865244668,0.4998011788808101],[1,0,89.99993167089839,-90]]],1,1,1,4],[0,"19TgcRxLJMCr8KszQ5Ynkk",null,null,null,1,0],[1,0.08668395131826401,-0.00037782941944897175,1.2073722643890505e-7],[3,-0.0000020804759106073234,-6.936759723456755e-7,0.0003981589901667566,0.9999999207323014],[1,-0.00023837338537102524,-0.00007939450691674307,0.045625660794268615]],[16,"Bip001 Pelvis",[2,-20,-21],[0,"175tiDSVZJhbRX/iKt+JZL",null,null,null,1,0],[3,-0.49999999254917427,-0.49999999254917427,-0.49999930709576956,0.5000007078049009],[1,-89.99991974527727,-89.99991974527727,-0.0000017074910602964197]],[21,"Bip001",1,[[[2,"Bip001 Footsteps",-22,[0,"00pf/dNRZDOav9yml3wg1c",null,null,null,1,0],[1,0,-1.0757318300125337e-23,-0.4399206340312958],[3,-6.921397640638599e-34,6.9214068241883725e-34,0.7071063043492204,0.7071072580235531],[1,0,-1.12165974437555e-31,90]],3],4,1],[0,"91qA7FvXhGH5QJ4CPcDApS",null,null,null,1,0],[1,0,0.4510890245437622,-0.03612518683075905],[3,-0.5000003576277408,-0.49999964237200345,-0.49999964237200345,0.5000003576277408],[1,-90,-89.99991803772996,0]],[11,"Bip001 L Hand",[[2,"L_hand_container",-23,[0,"26GcEoTyRDaJmtdRZcv2Jd",null,null,null,1,0],[1,0.07401365041732788,0.009859087876975536,-0.09225296974182129],[3,-0.03802912959822119,0.6707643698973259,-0.02341115229952282,0.740324836356483],[1,-1.4321421462297923,84.29424138148022,-4.91517956636398]],[2,"L_shield_container",-24,[0,"c2vvh+FLFOQpE4BQytgwyS",null,null,null,1,0],[1,0.1378527730703354,-0.05289037525653839,-0.05471507087349892],[3,-0.5448302136475874,0.835974411526079,-0.06306927028712654,0.0181408025125544],[1,12.138401061635323,-174.59338486412415,-65.95370115244106]]],[0,"bd2GKY759AQq3XAzhriYad",null,null,null,1,0],[1,0.13800707459449768,2.255973158774445e-17,-9.689330937590057e-8],[3,-0.7068252124052276,1.0540906159464295e-8,1.0532516425925904e-8,0.7073882378922517],[1,-89.95437890588065,0.0000017075472925031882,0]],[11,"Bip001 Head",[[8,"Bip001 HeadNub",-25,[0,"56bqqoK+hBdojc9D+UGp30",null,null,null,1,0],[1,0.5598670840263367,3.027915917996893e-9,-7.74526911298137e-22]],[9,"HEAD_CONTAINER",-26,[0,"f6bgTNruNMmrvi8L6Q2rJu",null,null,null,1,0],[1,0.15077103674411774,0.062292683869600296,2.9067993523312907e-7],[3,0.7071072282210418,5.170000333874006e-7,0.7071063341513926,-5.170006586649924e-7],[1,0.8299999833106995,0.8299999833106995,0.8299999833106995],[1,-179.99991621650756,-89.99992755490563,2.3028655092847967e-12]]],[0,"89HUc+GwVHxacISnP5wrVV",null,null,null,1,0],[1,0.08924581110477448,0,8.60585464010027e-23],[3,-7.265599787883253e-14,1.1042733174299356e-9,-0.0003988305609355657,0.9999999204670887],[1,4.21424291253915e-11,1.265404279071084e-7,-0.04570261697650697]],[1,"R_hand_container Socket",1,[-27],[0,"e0Tj/0yjBEZriTnmZ8zksT",null,null,null,1,0],[1,-0.5908516339966307,0.5720172044253349,0.09348267212413455],[3,0.26247726139173266,-0.6189493969042874,0.27760609966886896,0.6862522748601664],[1,44.83031865956649,-85.42300807826737,3.215714760670647]],[17,"HEAD_CONTAINER Socket",1,[-28],[0,"f25Bpcuw5HDJ87JWK0Ac2+",null,null,null,1,0],[1,0.0000012514373676497659,1.22000006617169,0.028108354848459582],[3,-0.7071062438336231,-4.371976470851635e-7,-5.026729771086241e-7,0.7071073185387502],[1,0.8299999338388453,0.8299998348951458,0.8299998843669941],[1,-89.99991291829308,-0.00007615627319172928,-0.000005305423586865127]],[1,"Bip001 L Clavicle",2,[-29],[0,"beQ2L97axK+oKkzgaMGN5y",null,null,null,1,0],[1,0.3317789137363434,0.0001128897929447703,0.21894682943820953],[3,0.6404203882672894,-0.000256057076368399,0.7680244577871878,0.00030490497535081],[1,179.9550886454819,-100.35364139346413,0.008043216631396885]],[1,"Bip001 L UpperArm",9,[-30],[0,"3ewsapb6RJ/4/AU2sJUHKY",null,null,null,1,0],[1,0.10956235229969025,3.027915917996893e-9,9.689330937590057e-8],[3,0.04786509721597892,0.28080511525111435,-0.012259087713893729,0.9584921149836009],[1,5.66097786034494,32.647949568146835,0.19372029071740474]],[1,"Bip001 L Forearm",10,[5],[0,"edgs5e6M9EWZ9CC1Z9Sp44",null,null,null,1,0],[1,0.1928595006465912,-1.2111663671987571e-8,1.804778527019556e-16],[3,-1.5343994988728212e-17,5.558597383544229e-17,-0.09983344969326956,0.9950041619623214],[1,-1.1362500635924634e-15,6.2876597680655815e-15,-11.459159708473143]],[1,"Bip001 R Clavicle",2,[-31],[0,"fc48ccTfdL5rUN3uaviO+O",null,null,null,1,0],[1,0.3317789137363434,0.0001141009561251849,-0.21894682943820953],[3,-0.6404203882672924,0.0002539268796691491,0.7680244577871913,0.0003066812694656228],[1,-179.95514576571293,100.35364127509047,0.008355874973247818]],[1,"Bip001 R UpperArm",12,[-32],[0,"d7mdjO52tI7oiQvYA4/uI0",null,null,null,1,0],[1,0.10956235229969025,0,-9.689330937590057e-8],[3,-0.04786509721597892,-0.28080511525111435,-0.012259087713893729,0.9584921149836009],[1,-5.66097786034494,-32.647949568146835,0.19372029071740474]],[1,"Bip001 R Forearm",13,[-33],[0,"8feqw4iuVIW5Z9gFizbOQS",null,null,null,1,0],[1,0.1928595006465912,-1.2111663671987571e-8,9.689330937590057e-8],[3,-9.998422274586866e-18,3.935872541605616e-17,-0.09983342756430151,0.9950041641826246],[1,-7.037730013375637e-16,4.4622101048241964e-15,-11.45915715994818]],[6,"Bip001 R Hand",14,[[2,"R_hand_container",-34,[0,"09iSsUZG9BObyWtJ8v/GYb",null,null,null,1,0],[1,0.07390939444303513,0.009959372691810131,0.09228209406137466],[3,0.740325438383703,-0.02341178020005665,0.6707636600604323,-0.03802954341265915],[1,-178.5678663369977,-84.29413398903185,-4.915263471995578]]],[0,"2dYOjWasxBgauLZuzuq9IU",null,null,null,1,0],[1,0.13800710439682007,0,9.689330937590057e-8],[3,0.7068252124052276,5.266258212962952e-9,5.270453523821367e-9,0.7073882378922517],[1,89.95437890588065,-3.596954062703228e-14,8.537736822497861e-7]],[18,"Bip001 Neck",2,[6],[0,"4eIl4vlkVE46fUHnxGXdAo",null,null,null,1,0],[1,0.44221192598342896,0.0018946154741570354,2.5954158822116824e-9]],[1,"Bip001 L Thigh",3,[-35],[0,"53s17bul9LIY80BZ3yJPdM",null,null,null,1,0],[1,-2.4223328409789247e-7,2.6645659545465605e-7,0.17689882218837738],[3,0.021307006777814542,0.9997729799614988,-6.767446715997591e-7,7.85150643546192e-7],[1,0.00007952085112741467,179.99990831319764,2.4417879058463106]],[1,"Bip001 L Calf",17,[-36],[0,"10QOJaUWpPSoIQPoLfKB4C",null,null,null,1,0],[1,0.21324628591537476,-4.541873988017642e-9,0],[3,1.9448409807367765e-22,-2.0334527780265243e-22,-0.08872141532804828,0.9960564795543414],[1,2.045298511261704e-20,-2.1572104652894185e-20,-10.18011064768223]],[1,"Bip001 L Foot",18,[-37],[0,"4aGpNkYPZOJLjmrqviUJpa",null,null,null,1,0],[1,0.10479825735092163,0,0],[3,-5.126469166222739e-9,7.698253266216382e-8,0.06747824881860726,0.9977207454675722],[1,-0.0000011922309903371195,0.000008922334365998732,7.738317824969377]],[6,"Bip001 L Toe0",19,[[9,"Bip001 L Toe0Nub",-38,[0,"5awUB6qqNH1KAITcKDlktx",null,null,null,1,0],[1,0.0069003538228571415,0,2.255973158774445e-17],[3,-9.553443207691286e-16,1.844023658300749e-19,1,1.8375892746737375e-15],[1,-0.9999999403953552,-1,-0.9999999403953552],[1,-180,179.9999999999999,2.1057221983462265e-13]]],[0,"7885Q11gdImK/4tbeRRNoB",null,null,null,1,0],[1,0.12302407622337341,0.27322590351104736,-2.255973158774445e-17],[3,1.5454310096341944e-8,1.5454310096341944e-8,0.7071067811865474,0.7071067811865474],[1,0,0.0000025044781562438674,90]],[1,"Bip001 R Thigh",3,[-39],[0,"2fsQL5++NEdZ8WQvOVdX4/",null,null,null,1,0],[1,2.4223328409789247e-7,-2.2406578636946506e-7,-0.17689882218837738],[3,0.021307006777815593,0.9997729799615481,-6.78329409296489e-7,7.182860132174613e-7],[1,0.00007953916720467456,179.99991597666937,2.4417879058516108]],[1,"Bip001 R Calf",21,[-40],[0,"4aENvmlthPDJmSedNY9WZj",null,null,null,1,0],[1,0.21324631571769714,-1.5139579589984464e-9,-1.2111663671987571e-8],[3,2.0857471869279507e-22,-4.5152885962117915e-23,-0.08872141532804828,0.9960564795543414],[1,2.3721031201717633e-20,-3.081728996980104e-21,-10.18011064768223]],[1,"Bip001 R Foot",22,[-41],[0,"a2Bi6TFDVM7IbL4mVVSqYA",null,null,null,1,0],[1,0.10479822754859924,0,0],[3,-7.726712812820042e-10,1.0240999437803812e-8,0.06747824881860746,0.9977207454675753],[1,-1.6906732157562304e-7,0.000001187647409096496,7.738317824969467]],[6,"Bip001 R Toe0",23,[[8,"Bip001 R Toe0Nub",-42,[0,"28fhyWhWZH2q0NF+vvP2BF",null,null,null,1,0],[1,0.0069003538228571415,1.4099832242340282e-18,-2.255973158774445e-17]]],[0,"62fiaIkwFN45vpNvTcOHxQ",null,null,null,1,0],[1,0.12302407622337341,0.27322590351104736,2.255973158774445e-17],[3,-1.5454308319985075e-8,-1.5454308319985075e-8,0.7071067811865474,0.7071067811865474],[1,0,-0.0000025044778683729144,90]],[10,"Body_08a",1,[[24,1,-43,[3,"abDoZ4gvpN7KJ1tscwRgtY"],[0],[7,true,true],1,1,2]],[0,"17BNZJEjtE5aedUwOmCD2I",null,null,null,1,0],[3,-0.7071067811865476,0,0,0.7071067811865476],[1,-90.00000000000003,0,0]],[2,"L_hand_container Socket",1,[0,"c55MS+m89P4YfWWJeYGvVI",null,null,null,1,0],[1,0.5909999210072392,0.5720156274136237,0.09348280315710653],[3,-0.6189491377933944,0.2624780257506074,-0.6862517529709825,-0.2776072448030326],[1,135.16951404418168,-94.57695576987548,3.215741833403463]],[2,"L_shield_container Socket",1,[0,"a04s6C0vtI1r4ZNTy4Z3B/",null,null,null,1,0],[1,0.686385956186695,0.5717299839143128,0.07549827371050849],[3,0.045884959191219356,0.0165473441050637,-0.5731862178466609,-0.8179720750696379],[1,-9.40389962425611,4.264716060945798,69.92084004916677]],[19,"w_bardiche",7,[[12,1,-44,[3,"7ffN/E7aZEQoIHNfCUHHLj"],[3],[7,true,true],4]],[0,"a6jzwxT0dJCaACgqk9ShI7",null,null,null,1,0],[1,-9.689330937590057e-8,0.0000015502929500144091,7.751464750072046e-7]],[10,"Head_07e",8,[[12,1,-45,[3,"e1ccCZ5BJDz7qXOFZM0gOs"],[5],[7,true,true],6]],[0,"19b1OjMO5NeZHcqAx7YBne",null,null,null,1,0],[3,-0.000001188412511509378,1.3744714699715953e-8,2.3674358828867193e-7,0.9999999999992657],[1,-0.00013618204283298078,0.000001575060526034706,0.000027128814999645142]],[2,"Backpack_container Socket",1,[0,"58JZsH07lPvYiOxviy6CT+",null,null,null,1,0],[1,4.328159231431483e-7,0.8014757665081004,-0.2595209453117281],[3,0.4999993444605072,-0.4999999552141469,-0.5000000656143568,-0.5000006347101504],[1,-89.99993239960871,90.00000238677144,0.00008025132656728998]]],0,[0,4,1,0,1,26,0,1,27,0,1,7,0,1,8,0,1,30,0,2,1,0,2,1,0,-1,4,0,-2,25,0,-3,26,0,-4,27,0,-5,7,0,-6,8,0,-7,30,0,-1,9,0,-2,12,0,-3,16,0,0,2,0,-2,17,0,-3,21,0,0,4,0,0,5,0,0,5,0,0,6,0,0,6,0,-1,28,0,-1,29,0,-1,10,0,-1,11,0,-1,13,0,-1,14,0,-1,15,0,0,15,0,-1,18,0,-1,19,0,-1,20,0,0,20,0,-1,22,0,-1,23,0,-1,24,0,0,24,0,2,25,0,2,28,0,2,29,0,5,1,2,0,3,3,0,4,5,0,11,6,0,16,45],[0,0,0,0,0,0,0,0,0,0,0],[-1,3,6,-1,3,-1,3,-1,-2,-3,-4],[0,1,2,0,3,0,4,5,6,7,8]]]]
